:Data_list: wingkp_list.txt
:Created: 2018 Jan 26 0217 UT
# Prepared by the U.S. Dept. of Commerce, NOAA, Space Weather Prediction Center.
# Please send comments and suggestions to SWPC.Webmaster@noaa.gov 
#
# Units: Predicted Index 0-9 in Kp units
#
# Solar Wind Source: ACE Satellite.  Wing Kp data provided by USAF AFWA.
# The value -1 in the report indicates missing data.
#
#                      USAF 15-minute Wing Kp Geomagnetic Activity Index
#
#                        1-hour         1-hour        4-hour         4-hour     
# UT Date   Time      Predicted Time  Predicted    Predicted Time  Predicted   USAF Est.
# YR MO DA  HHMM      YR MO DA  HHMM    Index      YR MO DA  HHMM    Index        Kp    
#---------------------------------------------------------------------------------------
2018 01 19  0000    2018 01 19  0100     0.67    2018 01 19  0400     0.00       1.00
2018 01 19  0015    2018 01 19  0115     0.67    2018 01 19  0415     0.00       1.00
2018 01 19  0030    2018 01 19  0130     0.33    2018 01 19  0430     0.00       1.00
2018 01 19  0045    2018 01 19  0145     0.33    2018 01 19  0445     0.00       1.00
2018 01 19  0100    2018 01 19  0200     0.67    2018 01 19  0500     0.33       1.00
2018 01 19  0115    2018 01 19  0215     0.67    2018 01 19  0515     0.33       1.00
2018 01 19  0130    2018 01 19  0230     0.33    2018 01 19  0530     0.00       1.00
2018 01 19  0145    2018 01 19  0245     1.00    2018 01 19  0545     0.67       1.00
2018 01 19  0200    2018 01 19  0300     1.00    2018 01 19  0600     0.33       1.00
2018 01 19  0215    2018 01 19  0315     0.67    2018 01 19  0615     0.00       1.00
2018 01 19  0230    2018 01 19  0330     0.67    2018 01 19  0630     0.00       1.00
2018 01 19  0245    2018 01 19  0345     1.33    2018 01 19  0645     0.33       1.00
2018 01 19  0300    2018 01 19  0400     1.00    2018 01 19  0700     0.67       2.67
2018 01 19  0315    2018 01 19  0415     1.33    2018 01 19  0715     1.00       2.67
2018 01 19  0330    2018 01 19  0430     1.00    2018 01 19  0730     0.33       2.67
2018 01 19  0345    2018 01 19  0445     1.33    2018 01 19  0745     0.33       2.67
2018 01 19  0400    2018 01 19  0500     1.33    2018 01 19  0800     0.33       2.67
2018 01 19  0415    2018 01 19  0515     1.00    2018 01 19  0815     0.33       2.67
2018 01 19  0430    2018 01 19  0530     1.33    2018 01 19  0830     0.67       2.67
2018 01 19  0445    2018 01 19  0545     1.33    2018 01 19  0845     1.00       2.67
2018 01 19  0500    2018 01 19  0600     1.33    2018 01 19  0900     1.33       2.67
2018 01 19  0515    2018 01 19  0615     1.33    2018 01 19  0915     1.33       2.67
2018 01 19  0530    2018 01 19  0630     1.67    2018 01 19  0930     1.67       2.67
2018 01 19  0545    2018 01 19  0645     2.67    2018 01 19  0945     2.67       2.67
2018 01 19  0600    2018 01 19  0700     2.67    2018 01 19  1000     2.67       2.00
2018 01 19  0615    2018 01 19  0715     2.33    2018 01 19  1015     2.67       2.00
2018 01 19  0630    2018 01 19  0730     2.33    2018 01 19  1030     2.67       2.00
2018 01 19  0645    2018 01 19  0745     2.33    2018 01 19  1045     2.67       2.00
2018 01 19  0700    2018 01 19  0800     2.33    2018 01 19  1100     2.67       2.00
2018 01 19  0715    2018 01 19  0815     2.33    2018 01 19  1115     2.67       2.00
2018 01 19  0730    2018 01 19  0830     2.33    2018 01 19  1130     2.67       2.00
2018 01 19  0745    2018 01 19  0845     3.67    2018 01 19  1145     4.00       2.00
2018 01 19  0800    2018 01 19  0900     3.67    2018 01 19  1200     3.67       2.00
2018 01 19  0815    2018 01 19  0915     3.33    2018 01 19  1215     3.33       2.00
2018 01 19  0830    2018 01 19  0930     3.00    2018 01 19  1230     3.33       2.00
2018 01 19  0845    2018 01 19  0945     3.00    2018 01 19  1245     3.33       2.00
2018 01 19  0900    2018 01 19  1000     2.67    2018 01 19  1300     3.33       1.67
2018 01 19  0915    2018 01 19  1015     2.67    2018 01 19  1315     3.00       1.67
2018 01 19  0930    2018 01 19  1030     2.67    2018 01 19  1330     3.00       1.67
2018 01 19  0945    2018 01 19  1045     2.00    2018 01 19  1345     2.33       1.67
2018 01 19  1000    2018 01 19  1100     2.00    2018 01 19  1400     2.33       1.67
2018 01 19  1015    2018 01 19  1115     2.00    2018 01 19  1415     2.00       1.67
2018 01 19  1030    2018 01 19  1130     2.00    2018 01 19  1430     2.00       1.67
2018 01 19  1045    2018 01 19  1145     1.33    2018 01 19  1445     1.67       1.67
2018 01 19  1100    2018 01 19  1200     1.67    2018 01 19  1500     1.33       1.67
2018 01 19  1115    2018 01 19  1215     1.67    2018 01 19  1515     1.67       1.67
2018 01 19  1130    2018 01 19  1230     1.67    2018 01 19  1530     1.67       1.67
2018 01 19  1145    2018 01 19  1245     1.67    2018 01 19  1545     1.67       1.67
2018 01 19  1200    2018 01 19  1300     1.67    2018 01 19  1600     1.67       0.67
2018 01 19  1215    2018 01 19  1315     1.67    2018 01 19  1615     1.33       0.67
2018 01 19  1230    2018 01 19  1330     1.67    2018 01 19  1630     1.33       0.67
2018 01 19  1245    2018 01 19  1345     1.67    2018 01 19  1645     1.33       0.67
2018 01 19  1300    2018 01 19  1400     1.67    2018 01 19  1700     1.33       0.67
2018 01 19  1315    2018 01 19  1415     1.67    2018 01 19  1715     1.33       0.67
2018 01 19  1330    2018 01 19  1430     1.67    2018 01 19  1730     1.00       0.67
2018 01 19  1345    2018 01 19  1445     1.33    2018 01 19  1745     1.00       0.67
2018 01 19  1400    2018 01 19  1500     1.33    2018 01 19  1800     1.00       0.67
2018 01 19  1415    2018 01 19  1515     1.33    2018 01 19  1815     1.00       0.67
2018 01 19  1430    2018 01 19  1530     1.67    2018 01 19  1830     1.33       0.67
2018 01 19  1445    2018 01 19  1545     1.00    2018 01 19  1845     1.00       0.67
2018 01 19  1500    2018 01 19  1600     1.00    2018 01 19  1900     1.00       0.00
2018 01 19  1515    2018 01 19  1615     1.00    2018 01 19  1915     0.67       0.00
2018 01 19  1530    2018 01 19  1630     1.33    2018 01 19  1930     0.67       0.00
2018 01 19  1545    2018 01 19  1645     0.67    2018 01 19  1945     0.67       0.00
2018 01 19  1600    2018 01 19  1700     1.00    2018 01 19  2000     0.67       0.00
2018 01 19  1615    2018 01 19  1715     1.00    2018 01 19  2015     0.67       0.00
2018 01 19  1630    2018 01 19  1730     1.00    2018 01 19  2030     1.00       0.00
2018 01 19  1645    2018 01 19  1745     0.67    2018 01 19  2045     0.67       0.00
2018 01 19  1700    2018 01 19  1800     0.67    2018 01 19  2100     0.67       0.00
2018 01 19  1715    2018 01 19  1815     1.00    2018 01 19  2115     0.67       0.00
2018 01 19  1730    2018 01 19  1830     1.00    2018 01 19  2130     1.00       0.00
2018 01 19  1745    2018 01 19  1845     1.33    2018 01 19  2145     1.00       0.00
2018 01 19  1800    2018 01 19  1900     1.33    2018 01 19  2200     1.33       1.00
2018 01 19  1815    2018 01 19  1915     1.33    2018 01 19  2215     1.00       1.00
2018 01 19  1830    2018 01 19  1930     1.00    2018 01 19  2230     0.67       1.00
2018 01 19  1845    2018 01 19  1945     0.33    2018 01 19  2245     0.00       1.00
2018 01 19  1900    2018 01 19  2000     0.33    2018 01 19  2300     0.33       1.00
2018 01 19  1915    2018 01 19  2015     0.67    2018 01 19  2315     0.33       1.00
2018 01 19  1930    2018 01 19  2030     0.67    2018 01 19  2330     0.33       1.00
2018 01 19  1945    2018 01 19  2045     0.67    2018 01 19  2345     0.00       1.00
2018 01 19  2000    2018 01 19  2100     0.67    2018 01 20  0000     0.00       1.00
2018 01 19  2015    2018 01 19  2115     0.67    2018 01 20  0015     0.33       1.00
2018 01 19  2030    2018 01 19  2130     0.67    2018 01 20  0030     0.33       1.00
2018 01 19  2045    2018 01 19  2145     2.33    2018 01 20  0045     1.67       1.00
2018 01 19  2100    2018 01 19  2200     2.00    2018 01 20  0100     1.33       1.33
2018 01 19  2115    2018 01 19  2215     1.67    2018 01 20  0115     1.00       1.33
2018 01 19  2130    2018 01 19  2230     1.33    2018 01 20  0130     1.00       1.33
2018 01 19  2145    2018 01 19  2245     0.33    2018 01 20  0145     0.00       1.33
2018 01 19  2200    2018 01 19  2300     0.33    2018 01 20  0200     0.00       1.33
2018 01 19  2215    2018 01 19  2315     0.33    2018 01 20  0215     0.00       1.33
2018 01 19  2230    2018 01 19  2330     0.67    2018 01 20  0230     0.00       1.33
2018 01 19  2245    2018 01 19  2345     1.67    2018 01 20  0245     1.00       1.33
2018 01 19  2300    2018 01 20  0000     1.33    2018 01 20  0300     0.67       1.33
2018 01 19  2315    2018 01 20  0015     1.33    2018 01 20  0315     0.67       1.33
2018 01 19  2330    2018 01 20  0030     1.33    2018 01 20  0330     0.67       1.33
2018 01 19  2345    2018 01 20  0045     0.67    2018 01 20  0345     0.67       1.33
2018 01 20  0000    2018 01 20  0100     1.00    2018 01 20  0400     0.67       2.00
2018 01 20  0015    2018 01 20  0115     1.00    2018 01 20  0415     0.67       2.00
2018 01 20  0030    2018 01 20  0130     1.00    2018 01 20  0430     1.00       2.00
2018 01 20  0045    2018 01 20  0145     1.67    2018 01 20  0445     1.67       2.00
2018 01 20  0100    2018 01 20  0200     1.67    2018 01 20  0500     1.33       2.00
2018 01 20  0115    2018 01 20  0215     1.33    2018 01 20  0515     1.00       2.00
2018 01 20  0130    2018 01 20  0230     1.67    2018 01 20  0530     1.33       2.00
2018 01 20  0145    2018 01 20  0245     2.00    2018 01 20  0545     1.67       2.00
2018 01 20  0200    2018 01 20  0300     2.00    2018 01 20  0600     1.67       2.00
2018 01 20  0215    2018 01 20  0315     2.00    2018 01 20  0615     2.00       2.00
2018 01 20  0230    2018 01 20  0330     1.67    2018 01 20  0630     1.67       2.00
2018 01 20  0245    2018 01 20  0345     3.00    2018 01 20  0645     2.67       2.00
2018 01 20  0300    2018 01 20  0400     2.67    2018 01 20  0700     2.33       2.33
2018 01 20  0315    2018 01 20  0415     2.33    2018 01 20  0715     2.33       2.33
2018 01 20  0330    2018 01 20  0430     2.33    2018 01 20  0730     2.33       2.33
2018 01 20  0345    2018 01 20  0445     2.33    2018 01 20  0745     2.67       2.33
2018 01 20  0400    2018 01 20  0500     2.33    2018 01 20  0800     2.67       2.33
2018 01 20  0415    2018 01 20  0515     2.33    2018 01 20  0815     2.33       2.33
2018 01 20  0430    2018 01 20  0530     2.33    2018 01 20  0830     2.67       2.33
2018 01 20  0445    2018 01 20  0545     2.00    2018 01 20  0845     2.33       2.33
2018 01 20  0500    2018 01 20  0600     2.00    2018 01 20  0900     2.67       2.33
2018 01 20  0515    2018 01 20  0615     2.00    2018 01 20  0915     2.33       2.33
2018 01 20  0530    2018 01 20  0630     2.33    2018 01 20  0930     2.67       2.33
2018 01 20  0545    2018 01 20  0645     2.00    2018 01 20  0945     2.33       2.33
2018 01 20  0600    2018 01 20  0700     2.00    2018 01 20  1000     2.67       2.67
2018 01 20  0615    2018 01 20  0715     2.33    2018 01 20  1015     2.67       2.67
2018 01 20  0630    2018 01 20  0730     2.00    2018 01 20  1030     2.33       2.67
2018 01 20  0645    2018 01 20  0745     2.67    2018 01 20  1045     2.67       2.67
2018 01 20  0700    2018 01 20  0800     2.67    2018 01 20  1100     2.67       2.67
2018 01 20  0715    2018 01 20  0815     2.67    2018 01 20  1115     3.00       2.67
2018 01 20  0730    2018 01 20  0830     2.67    2018 01 20  1130     3.00       2.67
2018 01 20  0745    2018 01 20  0845     3.00    2018 01 20  1145     3.33       2.67
2018 01 20  0800    2018 01 20  0900     3.00    2018 01 20  1200     3.33       2.67
2018 01 20  0815    2018 01 20  0915     2.67    2018 01 20  1215     3.00       2.67
2018 01 20  0830    2018 01 20  0930     2.33    2018 01 20  1230     2.67       2.67
2018 01 20  0845    2018 01 20  0945     2.33    2018 01 20  1245     2.00       2.67
2018 01 20  0900    2018 01 20  1000     2.33    2018 01 20  1300     2.00       0.67
2018 01 20  0915    2018 01 20  1015     2.00    2018 01 20  1315     2.00       0.67
2018 01 20  0930    2018 01 20  1030     2.00    2018 01 20  1330     2.00       0.67
2018 01 20  0945    2018 01 20  1045     2.67    2018 01 20  1345     2.33       0.67
2018 01 20  1000    2018 01 20  1100     2.33    2018 01 20  1400     2.00       0.67
2018 01 20  1015    2018 01 20  1115     2.33    2018 01 20  1415     2.00       0.67
2018 01 20  1030    2018 01 20  1130     2.33    2018 01 20  1430     2.00       0.67
2018 01 20  1045    2018 01 20  1145     2.33    2018 01 20  1445     2.00       0.67
2018 01 20  1100    2018 01 20  1200     2.33    2018 01 20  1500     2.33       0.67
2018 01 20  1115    2018 01 20  1215     2.33    2018 01 20  1515     2.33       0.67
2018 01 20  1130    2018 01 20  1230     2.33    2018 01 20  1530     2.33       0.67
2018 01 20  1145    2018 01 20  1245     1.67    2018 01 20  1545     2.00       0.67
2018 01 20  1200    2018 01 20  1300     2.00    2018 01 20  1600     1.67       0.33
2018 01 20  1215    2018 01 20  1315     2.00    2018 01 20  1615     2.00       0.33
2018 01 20  1230    2018 01 20  1330     2.00    2018 01 20  1630     2.00       0.33
2018 01 20  1245    2018 01 20  1345     0.67    2018 01 20  1645     1.00       0.33
2018 01 20  1300    2018 01 20  1400     1.00    2018 01 20  1700     1.33       0.33
2018 01 20  1315    2018 01 20  1415     1.33    2018 01 20  1715     1.33       0.33
2018 01 20  1330    2018 01 20  1430     1.67    2018 01 20  1730     1.33       0.33
2018 01 20  1345    2018 01 20  1445     0.67    2018 01 20  1745     0.67       0.33
2018 01 20  1400    2018 01 20  1500     1.00    2018 01 20  1800     0.67       0.33
2018 01 20  1415    2018 01 20  1515     1.00    2018 01 20  1815     0.67       0.33
2018 01 20  1430    2018 01 20  1530     1.00    2018 01 20  1830     0.67       0.33
2018 01 20  1445    2018 01 20  1545     1.33    2018 01 20  1845     1.00       0.33
2018 01 20  1500    2018 01 20  1600     1.33    2018 01 20  1900     1.00       0.33
2018 01 20  1515    2018 01 20  1615     1.33    2018 01 20  1915     0.67       0.33
2018 01 20  1530    2018 01 20  1630     1.00    2018 01 20  1930     0.67       0.33
2018 01 20  1545    2018 01 20  1645     1.00    2018 01 20  1945     0.67       0.33
2018 01 20  1600    2018 01 20  1700     1.00    2018 01 20  2000     0.67       0.33
2018 01 20  1615      -1 -1 -1    -1    -1.00      -1 -1 -1    -1    -1.00       0.33
2018 01 20  1630    2018 01 20  1730     1.00    2018 01 20  2030     1.00       0.33
2018 01 20  1645    2018 01 20  1745     0.67    2018 01 20  2045     0.67       0.33
2018 01 20  1700    2018 01 20  1800     0.67    2018 01 20  2100     0.67       0.33
2018 01 20  1715    2018 01 20  1815     1.00    2018 01 20  2115     0.67       0.33
2018 01 20  1730    2018 01 20  1830     1.00    2018 01 20  2130     0.67       0.33
2018 01 20  1745    2018 01 20  1845     1.00    2018 01 20  2145     1.00       0.33
2018 01 20  1800    2018 01 20  1900     1.00    2018 01 20  2200     0.67       1.33
2018 01 20  1815    2018 01 20  1915     1.00    2018 01 20  2215     1.00       1.33
2018 01 20  1830    2018 01 20  1930     1.00    2018 01 20  2230     1.00       1.33
2018 01 20  1845    2018 01 20  1945     1.00    2018 01 20  2245     1.00       1.33
2018 01 20  1900    2018 01 20  2000     1.00    2018 01 20  2300     0.67       1.33
2018 01 20  1915    2018 01 20  2015     1.00    2018 01 20  2315     0.67       1.33
2018 01 20  1930    2018 01 20  2030     1.00    2018 01 20  2330     0.67       1.33
2018 01 20  1945    2018 01 20  2045     1.00    2018 01 20  2345     0.67       1.33
2018 01 20  2000    2018 01 20  2100     1.00    2018 01 21  0000     0.67       1.33
2018 01 20  2015    2018 01 20  2115     1.00    2018 01 21  0015     0.67       1.33
2018 01 20  2030    2018 01 20  2130     1.00    2018 01 21  0030     0.67       1.33
2018 01 20  2045    2018 01 20  2145     1.33    2018 01 21  0045     1.00       1.33
2018 01 20  2100    2018 01 20  2200     1.00    2018 01 21  0100     0.67       1.00
2018 01 20  2115    2018 01 20  2215     1.00    2018 01 21  0115     0.33       1.00
2018 01 20  2130    2018 01 20  2230     1.00    2018 01 21  0130     0.00       1.00
2018 01 20  2145    2018 01 20  2245     1.33    2018 01 21  0145     0.33       1.00
2018 01 20  2200    2018 01 20  2300     1.33    2018 01 21  0200     0.33       1.00
2018 01 20  2215    2018 01 20  2315     1.00    2018 01 21  0215     0.67       1.00
2018 01 20  2230    2018 01 20  2330     1.00    2018 01 21  0230     0.67       1.00
2018 01 20  2245    2018 01 20  2345     1.33    2018 01 21  0245     1.00       1.00
2018 01 20  2300    2018 01 21  0000     1.33    2018 01 21  0300     0.67       1.00
2018 01 20  2315    2018 01 21  0015     1.33    2018 01 21  0315     0.67       1.00
2018 01 20  2330    2018 01 21  0030     1.33    2018 01 21  0330     1.00       1.00
2018 01 20  2345    2018 01 21  0045     1.33    2018 01 21  0345     1.00       1.00
2018 01 21  0000    2018 01 21  0100     1.33    2018 01 21  0400     1.00       0.67
2018 01 21  0015    2018 01 21  0115     1.33    2018 01 21  0415     1.00       0.67
2018 01 21  0030    2018 01 21  0130     1.33    2018 01 21  0430     0.67       0.67
2018 01 21  0045    2018 01 21  0145     1.33    2018 01 21  0445     0.00       0.67
2018 01 21  0100    2018 01 21  0200     0.33    2018 01 21  0500     0.67       0.67
2018 01 21  0115    2018 01 21  0215     0.67    2018 01 21  0515     0.67       0.67
2018 01 21  0130    2018 01 21  0230     0.67    2018 01 21  0530     0.67       0.67
2018 01 21  0145    2018 01 21  0245     2.00    2018 01 21  0545     1.67       0.67
2018 01 21  0200    2018 01 21  0300     2.00    2018 01 21  0600     1.67       0.67
2018 01 21  0215    2018 01 21  0315     1.67    2018 01 21  0615     1.67       0.67
2018 01 21  0230    2018 01 21  0330     1.67    2018 01 21  0630     1.67       0.67
2018 01 21  0245    2018 01 21  0345     2.00    2018 01 21  0645     2.00       0.67
2018 01 21  0300    2018 01 21  0400     2.00    2018 01 21  0700     1.67       0.33
2018 01 21  0315    2018 01 21  0415     1.67    2018 01 21  0715     1.67       0.33
2018 01 21  0330    2018 01 21  0430     1.67    2018 01 21  0730     1.67       0.33
2018 01 21  0345    2018 01 21  0445     1.33    2018 01 21  0745     1.00       0.33
2018 01 21  0400    2018 01 21  0500     1.33    2018 01 21  0800     1.33       0.33
2018 01 21  0415    2018 01 21  0515     1.33    2018 01 21  0815     1.00       0.33
2018 01 21  0430    2018 01 21  0530     1.33    2018 01 21  0830     1.00       0.33
2018 01 21  0445    2018 01 21  0545     1.00    2018 01 21  0845     0.67       0.33
2018 01 21  0500    2018 01 21  0600     1.00    2018 01 21  0900     0.67       0.33
2018 01 21  0515    2018 01 21  0615     1.00    2018 01 21  0915     1.00       0.33
2018 01 21  0530    2018 01 21  0630     1.00    2018 01 21  0930     1.00       0.33
2018 01 21  0545    2018 01 21  0645     0.67    2018 01 21  0945     0.67       0.33
2018 01 21  0600    2018 01 21  0700     0.67    2018 01 21  1000     0.67       2.00
2018 01 21  0615    2018 01 21  0715     0.67    2018 01 21  1015     0.67       2.00
2018 01 21  0630    2018 01 21  0730     0.67    2018 01 21  1030     0.67       2.00
2018 01 21  0645    2018 01 21  0745     0.67    2018 01 21  1045     0.67       2.00
2018 01 21  0700    2018 01 21  0800     1.00    2018 01 21  1100     1.00       2.00
2018 01 21  0715    2018 01 21  0815     1.00    2018 01 21  1115     1.00       2.00
2018 01 21  0730    2018 01 21  0830     1.00    2018 01 21  1130     1.33       2.00
2018 01 21  0745    2018 01 21  0845     1.00    2018 01 21  1145     1.33       2.00
2018 01 21  0800    2018 01 21  0900     1.00    2018 01 21  1200     1.33       2.00
2018 01 21  0815    2018 01 21  0915     1.00    2018 01 21  1215     1.67       2.00
2018 01 21  0830    2018 01 21  0930     1.00    2018 01 21  1230     1.67       2.00
2018 01 21  0845    2018 01 21  0945     1.00    2018 01 21  1245     1.67       2.00
2018 01 21  0900    2018 01 21  1000     1.33    2018 01 21  1300     1.67       2.33
2018 01 21  0915    2018 01 21  1015     1.33    2018 01 21  1315     2.00       2.33
2018 01 21  0930    2018 01 21  1030     1.33    2018 01 21  1330     2.00       2.33
2018 01 21  0945    2018 01 21  1045     1.33    2018 01 21  1345     2.00       2.33
2018 01 21  1000    2018 01 21  1100     1.00    2018 01 21  1400     1.33       2.33
2018 01 21  1015    2018 01 21  1115     1.00    2018 01 21  1415     1.33       2.33
2018 01 21  1030    2018 01 21  1130     1.33    2018 01 21  1430     1.67       2.33
2018 01 21  1045    2018 01 21  1145     3.67    2018 01 21  1445     3.67       2.33
2018 01 21  1100    2018 01 21  1200     3.33    2018 01 21  1500     3.33       2.33
2018 01 21  1115    2018 01 21  1215     2.67    2018 01 21  1515     2.67       2.33
2018 01 21  1130    2018 01 21  1230     2.33    2018 01 21  1530     2.33       2.33
2018 01 21  1145    2018 01 21  1245     2.00    2018 01 21  1545     2.00       2.33
2018 01 21  1200    2018 01 21  1300     1.67    2018 01 21  1600     2.00       3.00
2018 01 21  1215    2018 01 21  1315     1.67    2018 01 21  1615     2.00       3.00
2018 01 21  1230    2018 01 21  1330     2.00    2018 01 21  1630     2.00       3.00
2018 01 21  1245    2018 01 21  1345     2.67    2018 01 21  1645     3.00       3.00
2018 01 21  1300    2018 01 21  1400     2.67    2018 01 21  1700     3.33       3.00
2018 01 21  1315    2018 01 21  1415     2.67    2018 01 21  1715     4.00       3.00
2018 01 21  1330    2018 01 21  1430     3.00    2018 01 21  1730     4.00       3.00
2018 01 21  1345    2018 01 21  1445     3.00    2018 01 21  1745     4.33       3.00
2018 01 21  1400    2018 01 21  1500     3.33    2018 01 21  1800     4.67       3.00
2018 01 21  1415    2018 01 21  1515     3.33    2018 01 21  1815     4.67       3.00
2018 01 21  1430    2018 01 21  1530     3.33    2018 01 21  1830     4.67       3.00
2018 01 21  1445    2018 01 21  1545     2.33    2018 01 21  1845     3.67       3.00
2018 01 21  1500    2018 01 21  1600     2.33    2018 01 21  1900     3.67       2.33
2018 01 21  1515    2018 01 21  1615     2.33    2018 01 21  1915     3.33       2.33
2018 01 21  1530    2018 01 21  1630     2.33    2018 01 21  1930     3.33       2.33
2018 01 21  1545    2018 01 21  1645     4.67    2018 01 21  1945     5.00       2.33
2018 01 21  1600    2018 01 21  1700     4.00    2018 01 21  2000     4.33       2.33
2018 01 21  1615    2018 01 21  1715     3.67    2018 01 21  2015     4.33       2.33
2018 01 21  1630    2018 01 21  1730     3.33    2018 01 21  2030     4.00       2.33
2018 01 21  1645    2018 01 21  1745     2.67    2018 01 21  2045     3.67       2.33
2018 01 21  1700    2018 01 21  1800     2.67    2018 01 21  2100     3.67       2.33
2018 01 21  1715    2018 01 21  1815     2.67    2018 01 21  2115     3.33       2.33
2018 01 21  1730    2018 01 21  1830     2.67    2018 01 21  2130     3.67       2.33
2018 01 21  1745    2018 01 21  1845     3.00    2018 01 21  2145     3.67       2.33
2018 01 21  1800    2018 01 21  1900     3.00    2018 01 21  2200     3.67       2.67
2018 01 21  1815    2018 01 21  1915     3.00    2018 01 21  2215     4.00       2.67
2018 01 21  1830    2018 01 21  1930     3.00    2018 01 21  2230     4.00       2.67
2018 01 21  1845    2018 01 21  1945     3.00    2018 01 21  2245     4.00       2.67
2018 01 21  1900    2018 01 21  2000     3.00    2018 01 21  2300     3.67       2.67
2018 01 21  1915    2018 01 21  2015     3.33    2018 01 21  2315     3.67       2.67
2018 01 21  1930    2018 01 21  2030     3.00    2018 01 21  2330     3.67       2.67
2018 01 21  1945    2018 01 21  2045     2.33    2018 01 21  2345     3.00       2.67
2018 01 21  2000    2018 01 21  2100     2.33    2018 01 22  0000     3.00       2.67
2018 01 21  2015    2018 01 21  2115     2.33    2018 01 22  0015     3.00       2.67
2018 01 21  2030    2018 01 21  2130     2.67    2018 01 22  0030     3.00       2.67
2018 01 21  2045    2018 01 21  2145     1.67    2018 01 22  0045     2.00       2.67
2018 01 21  2100    2018 01 21  2200     1.67    2018 01 22  0100     2.33       2.00
2018 01 21  2115    2018 01 21  2215     2.00    2018 01 22  0115     2.33       2.00
2018 01 21  2130    2018 01 21  2230     2.00    2018 01 22  0130     2.33       2.00
2018 01 21  2145    2018 01 21  2245     3.67    2018 01 22  0145     3.33       2.00
2018 01 21  2200    2018 01 21  2300     3.33    2018 01 22  0200     2.67       2.00
2018 01 21  2215    2018 01 21  2315     3.00    2018 01 22  0215     2.67       2.00
2018 01 21  2230    2018 01 21  2330     2.67    2018 01 22  0230     2.67       2.00
2018 01 21  2245    2018 01 21  2345     2.67    2018 01 22  0245     2.67       2.00
2018 01 21  2300    2018 01 22  0000     2.67    2018 01 22  0300     3.00       2.00
2018 01 21  2315    2018 01 22  0015     2.67    2018 01 22  0315     3.00       2.00
2018 01 21  2330    2018 01 22  0030     2.67    2018 01 22  0330     3.33       2.00
2018 01 21  2345    2018 01 22  0045     0.67    2018 01 22  0345     1.67       2.00
2018 01 22  0000    2018 01 22  0100     1.33    2018 01 22  0400     2.33       2.33
2018 01 22  0015    2018 01 22  0115     1.67    2018 01 22  0415     2.33       2.33
2018 01 22  0030    2018 01 22  0130     1.67    2018 01 22  0430     2.33       2.33
2018 01 22  0045    2018 01 22  0145     2.67    2018 01 22  0445     3.33       2.33
2018 01 22  0100    2018 01 22  0200     2.67    2018 01 22  0500     3.67       2.33
2018 01 22  0115    2018 01 22  0215     2.67    2018 01 22  0515     3.67       2.33
2018 01 22  0130    2018 01 22  0230     2.33    2018 01 22  0530     3.33       2.33
2018 01 22  0145    2018 01 22  0245     2.67    2018 01 22  0545     3.33       2.33
2018 01 22  0200    2018 01 22  0300     2.67    2018 01 22  0600     3.33       2.33
2018 01 22  0215    2018 01 22  0315     2.67    2018 01 22  0615     3.00       2.33
2018 01 22  0230    2018 01 22  0330     2.33    2018 01 22  0630     3.00       2.33
2018 01 22  0245    2018 01 22  0345     3.67    2018 01 22  0645     4.00       2.33
2018 01 22  0300    2018 01 22  0400     3.33    2018 01 22  0700     4.00       2.33
2018 01 22  0315    2018 01 22  0415     3.33    2018 01 22  0715     4.00       2.33
2018 01 22  0330    2018 01 22  0430     3.00    2018 01 22  0730     3.67       2.33
2018 01 22  0345    2018 01 22  0445     2.67    2018 01 22  0745     3.00       2.33
2018 01 22  0400    2018 01 22  0500     2.67    2018 01 22  0800     3.00       2.33
2018 01 22  0415    2018 01 22  0515     2.67    2018 01 22  0815     3.00       2.33
2018 01 22  0430    2018 01 22  0530     2.67    2018 01 22  0830     3.00       2.33
2018 01 22  0445    2018 01 22  0545     2.33    2018 01 22  0845     3.00       2.33
2018 01 22  0500    2018 01 22  0600     2.33    2018 01 22  0900     3.00       2.33
2018 01 22  0515    2018 01 22  0615     2.33    2018 01 22  0915     3.00       2.33
2018 01 22  0530    2018 01 22  0630     2.33    2018 01 22  0930     3.33       2.33
2018 01 22  0545    2018 01 22  0645     2.67    2018 01 22  0945     3.33       2.33
2018 01 22  0600    2018 01 22  0700     2.67    2018 01 22  1000     3.33       1.67
2018 01 22  0615    2018 01 22  0715     2.67    2018 01 22  1015     3.33       1.67
2018 01 22  0630    2018 01 22  0730     2.67    2018 01 22  1030     3.33       1.67
2018 01 22  0645    2018 01 22  0745     2.67    2018 01 22  1045     3.67       1.67
2018 01 22  0700    2018 01 22  0800     3.00    2018 01 22  1100     3.67       1.67
2018 01 22  0715    2018 01 22  0815     3.00    2018 01 22  1115     3.67       1.67
2018 01 22  0730    2018 01 22  0830     3.00    2018 01 22  1130     3.67       1.67
2018 01 22  0745    2018 01 22  0845     3.00    2018 01 22  1145     3.67       1.67
2018 01 22  0800    2018 01 22  0900     3.00    2018 01 22  1200     3.67       1.67
2018 01 22  0815    2018 01 22  0915     3.00    2018 01 22  1215     3.67       1.67
2018 01 22  0830    2018 01 22  0930     3.00    2018 01 22  1230     3.67       1.67
2018 01 22  0845    2018 01 22  0945     2.00    2018 01 22  1245     2.67       1.67
2018 01 22  0900    2018 01 22  1000     2.00    2018 01 22  1300     3.00       1.67
2018 01 22  0915    2018 01 22  1015     2.33    2018 01 22  1315     3.00       1.67
2018 01 22  0930    2018 01 22  1030     2.33    2018 01 22  1330     3.00       1.67
2018 01 22  0945    2018 01 22  1045     2.33    2018 01 22  1345     3.00       1.67
2018 01 22  1000    2018 01 22  1100     2.33    2018 01 22  1400     3.00       1.67
2018 01 22  1015    2018 01 22  1115     2.33    2018 01 22  1415     3.00       1.67
2018 01 22  1030    2018 01 22  1130     2.33    2018 01 22  1430     2.67       1.67
2018 01 22  1045    2018 01 22  1145     2.33    2018 01 22  1445     2.67       1.67
2018 01 22  1100    2018 01 22  1200     2.33    2018 01 22  1500     2.67       1.67
2018 01 22  1115    2018 01 22  1215     2.00    2018 01 22  1515     2.67       1.67
2018 01 22  1130    2018 01 22  1230     2.00    2018 01 22  1530     2.33       1.67
2018 01 22  1145    2018 01 22  1245     2.00    2018 01 22  1545     2.33       1.67
2018 01 22  1200    2018 01 22  1300     2.00    2018 01 22  1600     2.33       1.33
2018 01 22  1215    2018 01 22  1315     2.00    2018 01 22  1615     2.33       1.33
2018 01 22  1230    2018 01 22  1330     2.00    2018 01 22  1630     2.33       1.33
2018 01 22  1245    2018 01 22  1345     2.00    2018 01 22  1645     2.33       1.33
2018 01 22  1300    2018 01 22  1400     2.00    2018 01 22  1700     2.33       1.33
2018 01 22  1315    2018 01 22  1415     2.00    2018 01 22  1715     2.33       1.33
2018 01 22  1330    2018 01 22  1430     2.00    2018 01 22  1730     2.33       1.33
2018 01 22  1345    2018 01 22  1445     2.00    2018 01 22  1745     2.33       1.33
2018 01 22  1400    2018 01 22  1500     2.00    2018 01 22  1800     2.00       1.33
2018 01 22  1415    2018 01 22  1515     2.00    2018 01 22  1815     2.00       1.33
2018 01 22  1430    2018 01 22  1530     1.67    2018 01 22  1830     2.00       1.33
2018 01 22  1445    2018 01 22  1545     0.67    2018 01 22  1845     1.33       1.33
2018 01 22  1500    2018 01 22  1600     1.00    2018 01 22  1900     1.33       2.33
2018 01 22  1515    2018 01 22  1615     1.33    2018 01 22  1915     1.33       2.33
2018 01 22  1530    2018 01 22  1630     1.33    2018 01 22  1930     1.67       2.33
2018 01 22  1545    2018 01 22  1645     2.00    2018 01 22  1945     2.00       2.33
2018 01 22  1600    2018 01 22  1700     1.00    2018 01 22  2000     1.67       2.33
2018 01 22  1615    2018 01 22  1715     1.33    2018 01 22  2015     2.33       2.33
2018 01 22  1630    2018 01 22  1730     1.67    2018 01 22  2030     2.33       2.33
2018 01 22  1645    2018 01 22  1745     1.67    2018 01 22  2045     2.33       2.33
2018 01 22  1700    2018 01 22  1800     2.00    2018 01 22  2100     2.67       2.33
2018 01 22  1715    2018 01 22  1815     2.00    2018 01 22  2115     2.67       2.33
2018 01 22  1730    2018 01 22  1830     2.33    2018 01 22  2130     2.67       2.33
2018 01 22  1745    2018 01 22  1845     1.33    2018 01 22  2145     2.00       2.33
2018 01 22  1800    2018 01 22  1900     1.33    2018 01 22  2200     2.00       3.00
2018 01 22  1815    2018 01 22  1915     1.67    2018 01 22  2215     2.00       3.00
2018 01 22  1830    2018 01 22  1930     1.67    2018 01 22  2230     2.00       3.00
2018 01 22  1845    2018 01 22  1945     1.67    2018 01 22  2245     2.00       3.00
2018 01 22  1900    2018 01 22  2000     1.67    2018 01 22  2300     2.00       3.00
2018 01 22  1915    2018 01 22  2015     1.67    2018 01 22  2315     2.00       3.00
2018 01 22  1930    2018 01 22  2030     1.67    2018 01 22  2330     2.00       3.00
2018 01 22  1945    2018 01 22  2045     3.67    2018 01 22  2345     3.67       3.00
2018 01 22  2000    2018 01 22  2100     3.33    2018 01 23  0000     3.00       3.00
2018 01 22  2015    2018 01 22  2115     3.00    2018 01 23  0015     2.67       3.00
2018 01 22  2030    2018 01 22  2130     2.67    2018 01 23  0030     2.67       3.00
2018 01 22  2045    2018 01 22  2145     3.00    2018 01 23  0045     3.00       3.00
2018 01 22  2100    2018 01 22  2200     2.67    2018 01 23  0100     2.67       2.33
2018 01 22  2115    2018 01 22  2215     2.67    2018 01 23  0115     3.00       2.33
2018 01 22  2130    2018 01 22  2230     2.67    2018 01 23  0130     3.00       2.33
2018 01 22  2145    2018 01 22  2245     4.00    2018 01 23  0145     4.00       2.33
2018 01 22  2200    2018 01 22  2300     3.67    2018 01 23  0200     3.67       2.33
2018 01 22  2215    2018 01 22  2315     3.33    2018 01 23  0215     3.67       2.33
2018 01 22  2230    2018 01 22  2330     3.33    2018 01 23  0230     3.33       2.33
2018 01 22  2245    2018 01 22  2345     2.33    2018 01 23  0245     2.67       2.33
2018 01 22  2300    2018 01 23  0000     2.67    2018 01 23  0300     3.00       2.33
2018 01 22  2315    2018 01 23  0015     2.67    2018 01 23  0315     3.00       2.33
2018 01 22  2330    2018 01 23  0030     2.67    2018 01 23  0330     3.00       2.33
2018 01 22  2345    2018 01 23  0045     3.00    2018 01 23  0345     3.33       2.33
2018 01 23  0000    2018 01 23  0100     3.00    2018 01 23  0400     3.33       1.67
2018 01 23  0015    2018 01 23  0115     3.00    2018 01 23  0415     3.33       1.67
2018 01 23  0030    2018 01 23  0130     3.00    2018 01 23  0430     3.00       1.67
2018 01 23  0045    2018 01 23  0145     3.00    2018 01 23  0445     3.33       1.67
2018 01 23  0100    2018 01 23  0200     3.00    2018 01 23  0500     3.33       1.67
2018 01 23  0115    2018 01 23  0215     3.00    2018 01 23  0515     3.33       1.67
2018 01 23  0130    2018 01 23  0230     3.00    2018 01 23  0530     3.33       1.67
2018 01 23  0145    2018 01 23  0245     2.00    2018 01 23  0545     2.67       1.67
2018 01 23  0200    2018 01 23  0300     2.33    2018 01 23  0600     2.67       1.67
2018 01 23  0215    2018 01 23  0315     2.33    2018 01 23  0615     2.67       1.67
2018 01 23  0230    2018 01 23  0330     2.33    2018 01 23  0630     2.67       1.67
2018 01 23  0245    2018 01 23  0345     1.67    2018 01 23  0645     2.00       1.67
2018 01 23  0300    2018 01 23  0400     1.67    2018 01 23  0700     2.33       1.33
2018 01 23  0315    2018 01 23  0415     2.00    2018 01 23  0715     2.33       1.33
2018 01 23  0330    2018 01 23  0430     2.00    2018 01 23  0730     2.00       1.33
2018 01 23  0345    2018 01 23  0445     2.00    2018 01 23  0745     2.00       1.33
2018 01 23  0400    2018 01 23  0500     2.00    2018 01 23  0800     2.00       1.33
2018 01 23  0415    2018 01 23  0515     2.00    2018 01 23  0815     2.00       1.33
2018 01 23  0430    2018 01 23  0530     2.00    2018 01 23  0830     1.67       1.33
2018 01 23  0445    2018 01 23  0545     2.00    2018 01 23  0845     1.67       1.33
2018 01 23  0500    2018 01 23  0600     2.00    2018 01 23  0900     1.67       1.33
2018 01 23  0515    2018 01 23  0615     1.67    2018 01 23  0915     1.67       1.33
2018 01 23  0530    2018 01 23  0630     1.67    2018 01 23  0930     1.67       1.33
2018 01 23  0545    2018 01 23  0645     1.67    2018 01 23  0945     1.67       1.33
2018 01 23  0600    2018 01 23  0700     1.67    2018 01 23  1000     1.67       0.00
2018 01 23  0615    2018 01 23  0715     2.00    2018 01 23  1015     2.00       0.00
2018 01 23  0630    2018 01 23  0730     2.00    2018 01 23  1030     2.00       0.00
2018 01 23  0645    2018 01 23  0745     2.00    2018 01 23  1045     2.00       0.00
2018 01 23  0700    2018 01 23  0800     2.00    2018 01 23  1100     2.00       0.00
2018 01 23  0715    2018 01 23  0815     2.00    2018 01 23  1115     2.00       0.00
2018 01 23  0730    2018 01 23  0830     2.00    2018 01 23  1130     2.00       0.00
2018 01 23  0745    2018 01 23  0845     1.33    2018 01 23  1145     1.33       0.00
2018 01 23  0800    2018 01 23  0900     1.33    2018 01 23  1200     1.33       0.00
2018 01 23  0815    2018 01 23  0915     1.67    2018 01 23  1215     1.33       0.00
2018 01 23  0830    2018 01 23  0930     1.67    2018 01 23  1230     1.33       0.00
2018 01 23  0845    2018 01 23  0945     0.33    2018 01 23  1245     0.33       0.00
2018 01 23  0900    2018 01 23  1000     0.67    2018 01 23  1300     0.67       0.67
2018 01 23  0915    2018 01 23  1015     0.67    2018 01 23  1315     1.00       0.67
2018 01 23  0930    2018 01 23  1030     1.00    2018 01 23  1330     1.00       0.67
2018 01 23  0945    2018 01 23  1045     1.00    2018 01 23  1345     1.00       0.67
2018 01 23  1000    2018 01 23  1100     1.00    2018 01 23  1400     1.00       0.67
2018 01 23  1015    2018 01 23  1115     1.00    2018 01 23  1415     1.00       0.67
2018 01 23  1030    2018 01 23  1130     1.00    2018 01 23  1430     1.00       0.67
2018 01 23  1045    2018 01 23  1145     0.67    2018 01 23  1445     0.67       0.67
2018 01 23  1100    2018 01 23  1200     0.67    2018 01 23  1500     0.67       0.67
2018 01 23  1115    2018 01 23  1215     0.67    2018 01 23  1515     1.00       0.67
2018 01 23  1130    2018 01 23  1230     0.67    2018 01 23  1530     1.00       0.67
2018 01 23  1145    2018 01 23  1245     1.33    2018 01 23  1545     1.33       0.67
2018 01 23  1200    2018 01 23  1300     1.33    2018 01 23  1600     1.33       1.00
2018 01 23  1215    2018 01 23  1315     1.33    2018 01 23  1615     1.33       1.00
2018 01 23  1230    2018 01 23  1330     1.00    2018 01 23  1630     1.33       1.00
2018 01 23  1245    2018 01 23  1345     1.67    2018 01 23  1645     1.67       1.00
2018 01 23  1300    2018 01 23  1400     1.33    2018 01 23  1700     1.33       1.00
2018 01 23  1315    2018 01 23  1415     1.33    2018 01 23  1715     1.33       1.00
2018 01 23  1330    2018 01 23  1430     1.33    2018 01 23  1730     1.33       1.00
2018 01 23  1345    2018 01 23  1445     1.33    2018 01 23  1745     1.33       1.00
2018 01 23  1400    2018 01 23  1500     1.33    2018 01 23  1800     1.33       1.00
2018 01 23  1415    2018 01 23  1515     1.33    2018 01 23  1815     1.33       1.00
2018 01 23  1430    2018 01 23  1530     1.00    2018 01 23  1830     1.33       1.00
2018 01 23  1445    2018 01 23  1545     1.67    2018 01 23  1845     1.67       1.00
2018 01 23  1500    2018 01 23  1600     1.67    2018 01 23  1900     1.33       0.67
2018 01 23  1515    2018 01 23  1615     1.33    2018 01 23  1915     1.33       0.67
2018 01 23  1530    2018 01 23  1630     1.33    2018 01 23  1930     1.00       0.67
2018 01 23  1545    2018 01 23  1645     0.67    2018 01 23  1945     0.67       0.67
2018 01 23  1600    2018 01 23  1700     1.00    2018 01 23  2000     0.67       0.67
2018 01 23  1615    2018 01 23  1715     1.00    2018 01 23  2015     0.67       0.67
2018 01 23  1630    2018 01 23  1730     1.00    2018 01 23  2030     0.67       0.67
2018 01 23  1645    2018 01 23  1745     1.67    2018 01 23  2045     1.33       0.67
2018 01 23  1700    2018 01 23  1800     1.33    2018 01 23  2100     1.00       0.67
2018 01 23  1715    2018 01 23  1815     1.33    2018 01 23  2115     1.00       0.67
2018 01 23  1730    2018 01 23  1830     1.33    2018 01 23  2130     1.00       0.67
2018 01 23  1745    2018 01 23  1845     0.67    2018 01 23  2145     0.33       0.67
2018 01 23  1800    2018 01 23  1900     0.67    2018 01 23  2200     0.67       0.00
2018 01 23  1815    2018 01 23  1915     1.00    2018 01 23  2215     0.67       0.00
2018 01 23  1830    2018 01 23  1930     1.00    2018 01 23  2230     0.67       0.00
2018 01 23  1845    2018 01 23  1945     0.33    2018 01 23  2245     0.33       0.00
2018 01 23  1900    2018 01 23  2000     0.67    2018 01 23  2300     0.33       0.00
2018 01 23  1915    2018 01 23  2015     0.67    2018 01 23  2315     0.33       0.00
2018 01 23  1930    2018 01 23  2030     0.67    2018 01 23  2330     0.33       0.00
2018 01 23  1945    2018 01 23  2045     1.33    2018 01 23  2345     0.67       0.00
2018 01 23  2000    2018 01 23  2100     1.33    2018 01 24  0000     0.67       0.00
2018 01 23  2015    2018 01 23  2115     1.00    2018 01 24  0015     0.33       0.00
2018 01 23  2030    2018 01 23  2130     1.00    2018 01 24  0030     0.33       0.00
2018 01 23  2045    2018 01 23  2145     1.00    2018 01 24  0045     0.00       0.00
2018 01 23  2100    2018 01 23  2200     0.33    2018 01 24  0100     0.00       0.67
2018 01 23  2115    2018 01 23  2215     0.33    2018 01 24  0115     0.00       0.67
2018 01 23  2130    2018 01 23  2230     0.33    2018 01 24  0130     0.00       0.67
2018 01 23  2145    2018 01 23  2245     0.33    2018 01 24  0145     0.00       0.67
2018 01 23  2200    2018 01 23  2300     0.67    2018 01 24  0200     0.00       0.67
2018 01 23  2215    2018 01 23  2315     0.67    2018 01 24  0215     0.00       0.67
2018 01 23  2230    2018 01 23  2330     0.67    2018 01 24  0230     0.00       0.67
2018 01 23  2245    2018 01 23  2345     0.67    2018 01 24  0245     0.00       0.67
2018 01 23  2300    2018 01 24  0000     0.67    2018 01 24  0300     0.00       0.67
2018 01 23  2315    2018 01 24  0015     0.67    2018 01 24  0315     0.00       0.67
2018 01 23  2330    2018 01 24  0030     0.33    2018 01 24  0330     0.00       0.67
2018 01 23  2345    2018 01 24  0045     0.33    2018 01 24  0345     0.00       0.67
2018 01 24  0000    2018 01 24  0100     0.33    2018 01 24  0400     0.00       0.00
2018 01 24  0015    2018 01 24  0115     0.33    2018 01 24  0415     0.00       0.00
2018 01 24  0030    2018 01 24  0130     0.33    2018 01 24  0430     0.00       0.00
2018 01 24  0045    2018 01 24  0145     0.33    2018 01 24  0445     0.00       0.00
2018 01 24  0100    2018 01 24  0200     0.33    2018 01 24  0500     0.00       0.00
2018 01 24  0115    2018 01 24  0215     0.33    2018 01 24  0515     0.00       0.00
2018 01 24  0130    2018 01 24  0230     0.33    2018 01 24  0530     0.00       0.00
2018 01 24  0145    2018 01 24  0245     1.33    2018 01 24  0545     0.33       0.00
2018 01 24  0200    2018 01 24  0300     1.00    2018 01 24  0600     0.00       0.00
2018 01 24  0215    2018 01 24  0315     1.00    2018 01 24  0615     0.00       0.00
2018 01 24  0230    2018 01 24  0330     0.67    2018 01 24  0630     0.00       0.00
2018 01 24  0245    2018 01 24  0345     0.33    2018 01 24  0645     0.00       0.00
2018 01 24  0300    2018 01 24  0400     0.33    2018 01 24  0700     0.00       0.00
2018 01 24  0315    2018 01 24  0415     0.33    2018 01 24  0715     0.00       0.00
2018 01 24  0330    2018 01 24  0430     0.33    2018 01 24  0730     0.00       0.00
2018 01 24  0345    2018 01 24  0445     0.00    2018 01 24  0745     0.00       0.00
2018 01 24  0400    2018 01 24  0500     0.00    2018 01 24  0800     0.00       0.00
2018 01 24  0415    2018 01 24  0515     0.00    2018 01 24  0815     0.00       0.00
2018 01 24  0430    2018 01 24  0530     0.33    2018 01 24  0830     0.00       0.00
2018 01 24  0445    2018 01 24  0545     0.33    2018 01 24  0845     0.00       0.00
2018 01 24  0500    2018 01 24  0600     0.33    2018 01 24  0900     0.00       0.00
2018 01 24  0515    2018 01 24  0615     0.33    2018 01 24  0915     0.00       0.00
2018 01 24  0530    2018 01 24  0630     0.33    2018 01 24  0930     0.00       0.00
2018 01 24  0545    2018 01 24  0645     0.33    2018 01 24  0945     0.00       0.00
2018 01 24  0600    2018 01 24  0700     0.33    2018 01 24  1000     0.00       0.00
2018 01 24  0615    2018 01 24  0715     0.33    2018 01 24  1015     0.00       0.00
2018 01 24  0630    2018 01 24  0730     0.33    2018 01 24  1030     0.00       0.00
2018 01 24  0645    2018 01 24  0745     0.33    2018 01 24  1045     0.00       0.00
2018 01 24  0700    2018 01 24  0800     0.33    2018 01 24  1100     0.00       0.00
2018 01 24  0715    2018 01 24  0815     0.33    2018 01 24  1115     0.00       0.00
2018 01 24  0730    2018 01 24  0830     0.33    2018 01 24  1130     0.00       0.00
2018 01 24  0745    2018 01 24  0845     0.33    2018 01 24  1145     0.00       0.00
2018 01 24  0800    2018 01 24  0900     0.33    2018 01 24  1200     0.00       0.00
2018 01 24  0815    2018 01 24  0915     0.33    2018 01 24  1215     0.00       0.00
2018 01 24  0830    2018 01 24  0930     0.33    2018 01 24  1230     0.00       0.00
2018 01 24  0845    2018 01 24  0945     0.67    2018 01 24  1245     0.00       0.00
2018 01 24  0900    2018 01 24  1000     0.33    2018 01 24  1300     0.00       0.67
2018 01 24  0915    2018 01 24  1015     0.67    2018 01 24  1315     0.00       0.67
2018 01 24  0930    2018 01 24  1030     0.67    2018 01 24  1330     0.00       0.67
2018 01 24  0945    2018 01 24  1045     0.67    2018 01 24  1345     0.00       0.67
2018 01 24  1000    2018 01 24  1100     0.67    2018 01 24  1400     0.00       0.67
2018 01 24  1015    2018 01 24  1115     0.67    2018 01 24  1415     0.00       0.67
2018 01 24  1030    2018 01 24  1130     0.67    2018 01 24  1430     0.00       0.67
2018 01 24  1045    2018 01 24  1145     0.67    2018 01 24  1445     0.00       0.67
2018 01 24  1100    2018 01 24  1200     0.67    2018 01 24  1500     0.00       0.67
2018 01 24  1115    2018 01 24  1215     0.67    2018 01 24  1515     0.00       0.67
2018 01 24  1130    2018 01 24  1230     0.67    2018 01 24  1530     0.00       0.67
2018 01 24  1145    2018 01 24  1245     1.00    2018 01 24  1545     0.33       0.67
2018 01 24  1200    2018 01 24  1300     1.00    2018 01 24  1600     0.33       2.33
2018 01 24  1215    2018 01 24  1315     1.00    2018 01 24  1615     0.33       2.33
2018 01 24  1230    2018 01 24  1330     1.00    2018 01 24  1630     0.67       2.33
2018 01 24  1245    2018 01 24  1345     1.33    2018 01 24  1645     1.00       2.33
2018 01 24  1300    2018 01 24  1400     1.33    2018 01 24  1700     1.00       2.33
2018 01 24  1315    2018 01 24  1415     1.33    2018 01 24  1715     1.00       2.33
2018 01 24  1330    2018 01 24  1430     1.33    2018 01 24  1730     1.00       2.33
2018 01 24  1345    2018 01 24  1445     1.33    2018 01 24  1745     1.00       2.33
2018 01 24  1400    2018 01 24  1500     1.33    2018 01 24  1800     1.33       2.33
2018 01 24  1415    2018 01 24  1515     1.33    2018 01 24  1815     1.33       2.33
2018 01 24  1430    2018 01 24  1530     1.33    2018 01 24  1830     1.67       2.33
2018 01 24  1445    2018 01 24  1545     1.33    2018 01 24  1845     1.67       2.33
2018 01 24  1500    2018 01 24  1600     1.33    2018 01 24  1900     2.00       3.33
2018 01 24  1515    2018 01 24  1615     1.67    2018 01 24  1915     2.00       3.33
2018 01 24  1530    2018 01 24  1630     1.33    2018 01 24  1930     1.33       3.33
2018 01 24  1545    2018 01 24  1645     0.67    2018 01 24  1945     1.00       3.33
2018 01 24  1600    2018 01 24  1700     0.67    2018 01 24  2000     1.00       3.33
2018 01 24  1615    2018 01 24  1715     1.00    2018 01 24  2015     1.00       3.33
2018 01 24  1630    2018 01 24  1730     1.00    2018 01 24  2030     1.33       3.33
2018 01 24  1645    2018 01 24  1745     3.67    2018 01 24  2045     3.67       3.33
2018 01 24  1700    2018 01 24  1800     3.67    2018 01 24  2100     3.33       3.33
2018 01 24  1715    2018 01 24  1815     3.00    2018 01 24  2115     3.00       3.33
2018 01 24  1730    2018 01 24  1830     2.67    2018 01 24  2130     2.67       3.33
2018 01 24  1745    2018 01 24  1845     3.67    2018 01 24  2145     3.33       3.33
2018 01 24  1800    2018 01 24  1900     3.33    2018 01 24  2200     3.00       0.67
2018 01 24  1815    2018 01 24  1915     3.00    2018 01 24  2215     3.00       0.67
2018 01 24  1830    2018 01 24  1930     2.67    2018 01 24  2230     3.00       0.67
2018 01 24  1845    2018 01 24  1945     2.67    2018 01 24  2245     3.00       0.67
2018 01 24  1900    2018 01 24  2000     2.67    2018 01 24  2300     3.00       0.67
2018 01 24  1915      -1 -1 -1    -1    -1.00      -1 -1 -1    -1    -1.00       0.67
2018 01 24  1930    2018 01 24  2030     3.67    2018 01 24  2330     3.00       0.67
2018 01 24  1945    2018 01 24  2045     3.33    2018 01 24  2345     3.00       0.67
2018 01 24  2000    2018 01 24  2100     3.00    2018 01 25  0000     3.00       0.67
2018 01 24  2015    2018 01 24  2115     3.00    2018 01 25  0015     3.33       0.67
2018 01 24  2030    2018 01 24  2130     2.67    2018 01 25  0030     3.00       0.67
2018 01 24  2045    2018 01 24  2145     2.33    2018 01 25  0045     1.00       0.67
2018 01 24  2100    2018 01 24  2200     0.67    2018 01 25  0100     1.67       3.67
2018 01 24  2115    2018 01 24  2215     1.00    2018 01 25  0115     1.67       3.67
2018 01 24  2130    2018 01 24  2230     1.33    2018 01 25  0130     2.33       3.67
2018 01 24  2145    2018 01 24  2245     3.00    2018 01 25  0145     3.67       3.67
2018 01 24  2200    2018 01 24  2300     2.67    2018 01 25  0200     3.00       3.67
2018 01 24  2215    2018 01 24  2315     2.67    2018 01 25  0215     3.00       3.67
2018 01 24  2230    2018 01 24  2330     2.67    2018 01 25  0230     3.00       3.67
2018 01 24  2245    2018 01 24  2345     1.00    2018 01 25  0245     1.67       3.67
2018 01 24  2300    2018 01 25  0000     1.33    2018 01 25  0300     2.67       3.67
2018 01 24  2315    2018 01 25  0015     2.00    2018 01 25  0315     3.00       3.67
2018 01 24  2330    2018 01 25  0030     2.00    2018 01 25  0330     3.00       3.67
2018 01 24  2345    2018 01 25  0045     4.33    2018 01 25  0345     4.67       3.67
2018 01 25  0000    2018 01 25  0100     4.00    2018 01 25  0400     4.33       3.00
2018 01 25  0015    2018 01 25  0115     3.67    2018 01 25  0415     4.00       3.00
2018 01 25  0030    2018 01 25  0130     3.33    2018 01 25  0430     3.67       3.00
2018 01 25  0045    2018 01 25  0145     3.00    2018 01 25  0445     3.33       3.00
2018 01 25  0100    2018 01 25  0200     2.67    2018 01 25  0500     3.33       3.00
2018 01 25  0115    2018 01 25  0215     3.00    2018 01 25  0515     3.33       3.00
2018 01 25  0130    2018 01 25  0230     2.67    2018 01 25  0530     3.33       3.00
2018 01 25  0145    2018 01 25  0245     4.67    2018 01 25  0545     5.00       3.00
2018 01 25  0200    2018 01 25  0300     4.67    2018 01 25  0600     5.00       3.00
2018 01 25  0215    2018 01 25  0315     4.00    2018 01 25  0615     4.67       3.00
2018 01 25  0230    2018 01 25  0330     4.00    2018 01 25  0630     4.67       3.00
2018 01 25  0245    2018 01 25  0345     3.33    2018 01 25  0645     4.00       3.00
2018 01 25  0300    2018 01 25  0400     3.00    2018 01 25  0700     3.67       2.67
2018 01 25  0315    2018 01 25  0415     3.00    2018 01 25  0715     3.33       2.67
2018 01 25  0330    2018 01 25  0430     3.00    2018 01 25  0730     3.33       2.67
2018 01 25  0345    2018 01 25  0445     3.00    2018 01 25  0745     3.33       2.67
2018 01 25  0400    2018 01 25  0500     2.67    2018 01 25  0800     3.00       2.67
2018 01 25  0415    2018 01 25  0515     2.67    2018 01 25  0815     3.00       2.67
2018 01 25  0430    2018 01 25  0530     2.67    2018 01 25  0830     2.33       2.67
2018 01 25  0445    2018 01 25  0545     2.33    2018 01 25  0845     2.00       2.67
2018 01 25  0500    2018 01 25  0600     2.00    2018 01 25  0900     2.00       2.67
2018 01 25  0515    2018 01 25  0615     2.33    2018 01 25  0915     2.00       2.67
2018 01 25  0530    2018 01 25  0630     2.33    2018 01 25  0930     2.00       2.67
2018 01 25  0545    2018 01 25  0645     1.33    2018 01 25  0945     1.00       2.67
2018 01 25  0600    2018 01 25  0700     1.67    2018 01 25  1000     1.67       1.67
2018 01 25  0615    2018 01 25  0715     2.00    2018 01 25  1015     2.33       1.67
2018 01 25  0630    2018 01 25  0730     2.33    2018 01 25  1030     2.67       1.67
2018 01 25  0645    2018 01 25  0745     2.33    2018 01 25  1045     2.67       1.67
2018 01 25  0700    2018 01 25  0800     2.67    2018 01 25  1100     2.67       1.67
2018 01 25  0715    2018 01 25  0815     2.67    2018 01 25  1115     2.67       1.67
2018 01 25  0730    2018 01 25  0830     2.33    2018 01 25  1130     2.33       1.67
2018 01 25  0745    2018 01 25  0845     3.00    2018 01 25  1145     3.00       1.67
2018 01 25  0800    2018 01 25  0900     3.00    2018 01 25  1200     3.00       1.67
2018 01 25  0815    2018 01 25  0915     3.00    2018 01 25  1215     2.67       1.67
2018 01 25  0830    2018 01 25  0930     2.67    2018 01 25  1230     2.67       1.67
2018 01 25  0845    2018 01 25  0945     1.67    2018 01 25  1245     2.00       1.67
2018 01 25  0900    2018 01 25  1000     1.67    2018 01 25  1300     2.00       1.67
2018 01 25  0915    2018 01 25  1015     2.00    2018 01 25  1315     2.00       1.67
2018 01 25  0930    2018 01 25  1030     2.00    2018 01 25  1330     2.33       1.67
2018 01 25  0945    2018 01 25  1045     2.33    2018 01 25  1345     2.33       1.67
2018 01 25  1000    2018 01 25  1100     2.33    2018 01 25  1400     2.67       1.67
2018 01 25  1015    2018 01 25  1115     2.67    2018 01 25  1415     3.00       1.67
2018 01 25  1030    2018 01 25  1130     2.67    2018 01 25  1430     3.00       1.67
2018 01 25  1045    2018 01 25  1145     1.67    2018 01 25  1445     2.00       1.67
2018 01 25  1100    2018 01 25  1200     2.00    2018 01 25  1500     2.00       1.67
2018 01 25  1115    2018 01 25  1215     2.00    2018 01 25  1515     2.00       1.67
2018 01 25  1130    2018 01 25  1230     2.00    2018 01 25  1530     2.00       1.67
2018 01 25  1145    2018 01 25  1245     1.00    2018 01 25  1545     1.33       1.67
2018 01 25  1200    2018 01 25  1300     1.33    2018 01 25  1600     1.33       1.00
2018 01 25  1215    2018 01 25  1315     1.33    2018 01 25  1615     1.67       1.00
2018 01 25  1230    2018 01 25  1330     1.33    2018 01 25  1630     1.33       1.00
2018 01 25  1245    2018 01 25  1345     2.33    2018 01 25  1645     2.00       1.00
2018 01 25  1300    2018 01 25  1400     2.33    2018 01 25  1700     1.67       1.00
2018 01 25  1315    2018 01 25  1415     2.00    2018 01 25  1715     1.67       1.00
2018 01 25  1330    2018 01 25  1430     2.00    2018 01 25  1730     1.67       1.00
2018 01 25  1345    2018 01 25  1445     2.00    2018 01 25  1745     1.67       1.00
2018 01 25  1400    2018 01 25  1500     2.00    2018 01 25  1800     1.67       1.00
2018 01 25  1415    2018 01 25  1515     1.67    2018 01 25  1815     1.67       1.00
2018 01 25  1430    2018 01 25  1530     2.00    2018 01 25  1830     2.00       1.00
2018 01 25  1445    2018 01 25  1545     2.33    2018 01 25  1845     2.33       1.00
2018 01 25  1500    2018 01 25  1600     2.33    2018 01 25  1900     2.33       2.33
2018 01 25  1515    2018 01 25  1615     2.33    2018 01 25  1915     2.33       2.33
2018 01 25  1530    2018 01 25  1630     2.33    2018 01 25  1930     2.67       2.33
2018 01 25  1545    2018 01 25  1645     2.33    2018 01 25  1945     2.67       2.33
2018 01 25  1600    2018 01 25  1700     2.33    2018 01 25  2000     2.67       2.33
2018 01 25  1615      -1 -1 -1    -1    -1.00      -1 -1 -1    -1    -1.00       2.33
2018 01 25  1630      -1 -1 -1    -1    -1.00      -1 -1 -1    -1    -1.00       2.33
2018 01 25  1645      -1 -1 -1    -1    -1.00      -1 -1 -1    -1    -1.00       2.33
2018 01 25  1700    2018 01 25  1800     3.33    2018 01 25  2100     0.67       2.33
2018 01 25  1715    2018 01 25  1815     1.33    2018 01 25  2115     2.00       2.33
2018 01 25  1730    2018 01 25  1830     1.67    2018 01 25  2130     2.00       2.33
2018 01 25  1745    2018 01 25  1845     3.33    2018 01 25  2145     3.33       2.33
2018 01 25  1800    2018 01 25  1900     3.00    2018 01 25  2200     3.00       2.67
2018 01 25  1815    2018 01 25  1915     3.00    2018 01 25  2215     2.67       2.67
2018 01 25  1830    2018 01 25  1930     3.00    2018 01 25  2230     2.67       2.67
2018 01 25  1845    2018 01 25  1945     3.00    2018 01 25  2245     3.00       2.67
2018 01 25  1900    2018 01 25  2000     2.67    2018 01 25  2300     2.67       2.67
2018 01 25  1915    2018 01 25  2015     2.67    2018 01 25  2315     2.33       2.67
2018 01 25  1930    2018 01 25  2030     2.67    2018 01 25  2330     2.33       2.67
2018 01 25  1945    2018 01 25  2045     2.00    2018 01 25  2345     1.67       2.67
2018 01 25  2000    2018 01 25  2100     2.00    2018 01 26  0000     1.67       2.67
2018 01 25  2015    2018 01 25  2115     2.00    2018 01 26  0015     1.67       2.67
2018 01 25  2030    2018 01 25  2130     2.00    2018 01 26  0030     1.67       2.67
2018 01 25  2045    2018 01 25  2145     1.00    2018 01 26  0045     1.00       2.67
2018 01 25  2100    2018 01 25  2200     1.33    2018 01 26  0100     1.33       1.67
2018 01 25  2115    2018 01 25  2215     1.67    2018 01 26  0115     1.33       1.67
2018 01 25  2130    2018 01 25  2230     1.67    2018 01 26  0130     1.33       1.67
2018 01 25  2145    2018 01 25  2245     2.67    2018 01 26  0145     2.00       1.67
2018 01 25  2200    2018 01 25  2300     2.33    2018 01 26  0200     2.00       1.67
2018 01 25  2215    2018 01 25  2315     2.33    2018 01 26  0215     2.00       1.67
2018 01 25  2230    2018 01 25  2330     2.33    2018 01 26  0230     2.00       1.67
2018 01 25  2245    2018 01 25  2345     2.67    2018 01 26  0245     2.33       1.67
2018 01 25  2300    2018 01 26  0000     2.67    2018 01 26  0300     2.33       1.67
2018 01 25  2315    2018 01 26  0015     2.67    2018 01 26  0315     2.33       1.67
2018 01 25  2330    2018 01 26  0030     2.67    2018 01 26  0330     2.67       1.67
2018 01 25  2345    2018 01 26  0045     1.00    2018 01 26  0345     1.67       1.67
2018 01 26  0000    2018 01 26  0100     1.67    2018 01 26  0400     2.00       1.67
2018 01 26  0015    2018 01 26  0115     1.67    2018 01 26  0415     2.00       1.67
2018 01 26  0030    2018 01 26  0130     2.00    2018 01 26  0430     2.00       1.67
2018 01 26  0045    2018 01 26  0145     1.00    2018 01 26  0445     1.33       1.67
2018 01 26  0100    2018 01 26  0200     1.33    2018 01 26  0500     1.67       1.67
2018 01 26  0115    2018 01 26  0215     1.67    2018 01 26  0515     1.67       1.67
2018 01 26  0130    2018 01 26  0230     1.67    2018 01 26  0530     1.67       1.67
2018 01 26  0145    2018 01 26  0245     2.67    2018 01 26  0545     2.33       1.67
2018 01 26  0200    2018 01 26  0300     2.33    2018 01 26  0600     1.67       1.67
2018 01 26  0215    2018 01 26  0315     2.00    2018 01 26  0615     1.67       1.67
